  0.000002
  0.000003
  0.000004
  0.000006
  0.000009
  0.000013
  0.000019
  0.000026
  0.000037
  0.000051
  0.000071
  0.000096
  0.000129
  0.000172
  0.000226
  0.000295
  0.000380
  0.000484
  0.000610
  0.000760
  0.000936
  0.001140
  0.001370
  0.001627
  0.001908
  0.002207
  0.002518
  0.002831
  0.003135
  0.003415
  0.003656
  0.003839
  0.003947
  0.003959
  0.003860
  0.003634
  0.003270
  0.002761
  0.002106
  0.001312
  0.000392
 -0.000633
 -0.001737
 -0.002884
 -0.004036
 -0.005151
 -0.006187
 -0.007101
 -0.007857
 -0.008422
 -0.008771
 -0.008889
 -0.008771
 -0.008422
 -0.007857
 -0.007101
 -0.006186
 -0.005151
 -0.004035
 -0.002883
 -0.001736
 -0.000633
  0.000392
  0.001313
  0.002107
  0.002761
  0.003270
  0.003634
  0.003860
  0.003959
  0.003947
  0.003839
  0.003656
  0.003415
  0.003135
  0.002831
  0.002518
  0.002207
  0.001908
  0.001627
  0.001370
  0.001140
  0.000936
  0.000760
  0.000610
  0.000484
  0.000380
  0.000295
  0.000226
  0.000172
  0.000129
  0.000096
  0.000071
  0.000051
  0.000037
  0.000026
  0.000019
  0.000013
  0.000009
  0.000006
  0.000004
