  0.000004
  0.000007
  0.000010
  0.000015
  0.000023
  0.000034
  0.000049
  0.000072
  0.000103
  0.000147
  0.000207
  0.000290
  0.000402
  0.000551
  0.000749
  0.001008
  0.001344
  0.001774
  0.002320
  0.003003
  0.003849
  0.004884
  0.006137
  0.007634
  0.009400
  0.011456
  0.013818
  0.016492
  0.019477
  0.022755
  0.026294
  0.030048
  0.033948
  0.037909
  0.041829
  0.045587
  0.049051
  0.052079
  0.054524
  0.056245
  0.057107
  0.056994
  0.055814
  0.053506
  0.050045
  0.045447
  0.039769
  0.033114
  0.025619
  0.017463
  0.008848
 -0.000002
 -0.008851
 -0.017466
 -0.025623
 -0.033116
 -0.039772
 -0.045449
 -0.050046
 -0.053507
 -0.055814
 -0.056994
 -0.057107
 -0.056244
 -0.054524
 -0.052078
 -0.049050
 -0.045586
 -0.041827
 -0.037908
 -0.033946
 -0.030046
 -0.026293
 -0.022753
 -0.019475
 -0.016491
 -0.013817
 -0.011455
 -0.009399
 -0.007633
 -0.006137
 -0.004884
 -0.003848
 -0.003002
 -0.002319
 -0.001774
 -0.001344
 -0.001008
 -0.000749
 -0.000551
 -0.000402
 -0.000290
 -0.000207
 -0.000147
 -0.000103
 -0.000072
 -0.000049
 -0.000034
 -0.000023
 -0.000015
 -0.000010
