-50.999800
-49.999800
-48.999800
-47.999800
-46.999800
-45.999800
-44.999800
-43.999800
-42.999800
-41.999800
-40.999800
-39.999800
-38.999800
-37.999800
-36.999800
-35.999800
-34.999800
-33.999800
-32.999800
-31.999800
-30.999800
-29.999800
-28.999800
-27.999800
-26.999800
-25.999800
-24.999800
-23.999800
-22.999800
-21.999800
-20.999800
-19.999800
-18.999800
-17.999800
-16.999800
-15.999800
-14.999800
-13.999800
-12.999800
-11.999800
-10.999800
 -9.999800
 -8.999800
 -7.999800
 -6.999800
 -5.999800
 -4.999800
 -3.999800
 -2.999800
 -1.999800
 -0.999800
  0.000200
  1.000200
  2.000200
  3.000200
  4.000200
  5.000200
  6.000200
  7.000200
  8.000200
  9.000200
 10.000200
 11.000200
 12.000200
 13.000200
 14.000200
 15.000200
 16.000200
 17.000200
 18.000200
 19.000200
 20.000200
 21.000200
 22.000200
 23.000200
 24.000200
 25.000200
 26.000200
 27.000200
 28.000200
 29.000200
 30.000200
 31.000200
 32.000200
 33.000200
 34.000200
 35.000200
 36.000200
 37.000200
 38.000200
 39.000200
 40.000200
 41.000200
 42.000200
 43.000200
 44.000200
 45.000200
 46.000200
 47.000200
 48.000200
 49.000200
